Hyperparameter Tuning Summary for Fold 2
============================================================

Total Trials: 3
Best Trial: 0
Best Value: -1.00000000

Early Stopping Pattern:
------------------------------------------------------------
Trial   0: Value = -1.00000000 | Patience =  0 | Improvement: ✓
  Hyperparameters:
    n_estimators: 281
    max_depth: 4
    learning_rate: 0.20613757558813192
    subsample: 0.506397317351686
    colsample_bytree: 0.9370670645528071
    min_child_weight: 2

Trial   1: Value = -1.00000000 | Patience =  1 | Improvement: ×
  Hyperparameters:
    n_estimators: 933
    max_depth: 6
    learning_rate: 0.09415982306382445
    subsample: 0.9221911840612276
    colsample_bytree: 0.62495758400242
    min_child_weight: 7

Trial   2: Value = -0.99891815 | Patience =  2 | Improvement: ×
  Hyperparameters:
    n_estimators: 164
    max_depth: 10
    learning_rate: 0.15726638560258352
    subsample: 0.5696805363489289
    colsample_bytree: 0.5410582537331472
    min_child_weight: 8


Best Hyperparameters:
------------------------------------------------------------
n_estimators: 281
max_depth: 4
learning_rate: 0.20613757558813192
subsample: 0.506397317351686
colsample_bytree: 0.9370670645528071
min_child_weight: 2
